3.500e-01 	1.29e+02 	7.20e-01
4.500e-01 	7.95e+01 	4.78e-01
5.500e-01 	4.92e+01 	3.33e-01
6.500e-01 	3.12e+01 	2.41e-01
7.500e-01 	2.01e+01 	1.77e-01
8.500e-01 	1.29e+01 	1.28e-01
9.500e-01 	8.53e+00 	9.83e-02
1.050e+00 	5.68e+00 	7.53e-02
1.150e+00 	3.79e+00 	6.89e-02
1.300e+00 	2.17e+00 	3.46e-02
1.500e+00 	1.05e+00 	1.84e-02
1.700e+00 	5.13e-01 	1.11e-02
1.900e+00 	2.59e-01 	7.06e-03
2.100e+00 	1.35e-01 	4.80e-03
2.350e+00 	5.95e-02 	2.78e-03
2.750e+00 	2.24e-02 	1.38e-03
3.400e+00 	4.03e-03 	2.86e-04
2.625e+00 	3.26e-02 	1.57e-04
2.875e+00 	1.63e-02 	1.10e-04
3.125e+00 	8.30e-03 	6.38e-05
3.375e+00 	4.39e-03 	4.05e-05
3.625e+00 	2.45e-03 	2.91e-05
3.875e+00 	1.35e-03 	1.74e-05
4.250e+00 	6.47e-04 	8.84e-06
4.750e+00 	2.52e-04 	5.58e-06
5.250e+00 	1.01e-04 	2.15e-06
5.750e+00 	4.89e-05 	1.54e-06
6.440e+00 	1.86e-05 	6.21e-07
7.450e+00 	4.73e-06 	5.38e-07
8.830e+00 	1.60e-06 	1.57e-07
1.086e+01 	2.91e-07 	5.94e-08
