3.500e-01 	3.36e+01 	2.07e-01
4.500e-01 	1.97e+01 	1.34e-01
5.500e-01 	1.19e+01 	9.26e-02
6.500e-01 	7.42e+00 	6.68e-02
7.500e-01 	4.72e+00 	4.89e-02
8.500e-01 	3.01e+00 	3.61e-02
9.500e-01 	1.95e+00 	2.70e-02
1.050e+00 	1.31e+00 	2.10e-02
1.150e+00 	8.74e-01 	1.32e-02
1.300e+00 	4.81e-01 	6.42e-03
1.500e+00 	2.25e-01 	4.15e-03
1.700e+00 	1.18e-01 	2.88e-03
1.900e+00 	5.23e-02 	1.64e-03
2.100e+00 	3.67e-02 	1.26e-03
2.350e+00 	1.55e-02 	5.73e-04
2.750e+00 	5.47e-03 	3.43e-04
2.625e+00 	8.22e-03 	4.18e-05
2.875e+00 	4.26e-03 	2.60e-05
3.125e+00 	2.25e-03 	1.77e-05
3.375e+00 	1.24e-03 	1.22e-05
3.625e+00 	7.05e-04 	8.34e-06
3.875e+00 	4.17e-04 	6.15e-06
4.250e+00 	1.98e-04 	2.77e-06
4.750e+00 	8.02e-05 	3.08e-06
5.250e+00 	3.63e-05 	1.52e-06
5.750e+00 	1.62e-05 	1.53e-06
6.440e+00 	6.31e-06 	7.11e-07
7.450e+00 	1.87e-06 	1.74e-07
8.830e+00 	5.03e-07 	5.81e-08
1.086e+01 	8.55e-08 	2.14e-08
