3.500e-01 	1.83e+02   1.94e-01 
4.500e-01 	1.12e+02   1.27e-01 
5.500e-01 	6.93e+01   8.90e-02
6.500e-01 	4.38e+01   6.42e-02
7.500e-01 	2.81e+01   4.69e-02
8.500e-01 	1.82e+01   3.49e-02
9.500e-01 	1.19e+01   2.65e-02
1.050e+00 	7.95e+00   2.03e-02
1.150e+00 	5.47e+00   1.76e-01
1.300e+00 	3.09e+00   1.13e-01
1.500e+00 	1.48e+00   3.27e-02
1.700e+00 	7.23e-01   1.47e-02
1.900e+00 	3.64e-01   6.83e-03
2.100e+00 	1.94e-01   3.58e-03
2.350e+00 	8.79e-02   2.30e-03
2.750e+00 	3.05e-02   4.72e-04
3.400e+00 	4.87e-03   1.10e-04
2.625e+00 	4.13e-02   7.60e-05
2.875e+00 	2.06e-02   4.47e-05
3.125e+00 	1.04e-02   2.91e-05
3.375e+00 	5.47e-03   1.92e-05
3.625e+00 	2.96e-03   1.27e-05
3.875e+00 	1.66e-03   8.99e-06
4.250e+00 	7.61e-04   4.03e-06
4.750e+00 	2.91e-04   2.29e-06
5.250e+00 	1.28e-04   1.43e-06
5.750e+00 	5.49e-05   8.05e-07
6.440e+00 	2.14e-05   3.88e-07
7.450e+00 	6.83e-06   1.99e-07
8.830e+00 	2.03e-06   6.89e-08
1.086e+01 	3.33e-07   2.48e-08