3.500e-01 	7.59e+01 	3.24e-01
4.500e-01 	4.63e+01 	2.15e-01
5.500e-01 	2.86e+01 	1.50e-01
6.500e-01 	1.81e+01 	1.09e-01
7.500e-01 	1.16e+01 	7.97e-02
8.500e-01 	7.49e+00 	5.93e-02
9.500e-01 	4.93e+00 	4.53e-02
1.050e+00 	3.29e+00 	3.49e-02
1.150e+00 	2.18e+00 	2.68e-02
1.300e+00 	1.23e+00 	1.39e-02
1.500e+00 	5.99e-01 	8.48e-03
1.700e+00 	2.87e-01 	4.58e-03
1.900e+00 	1.47e-01 	2.66e-03
2.100e+00 	8.98e-02 	1.98e-03
2.350e+00 	3.78e-02 	1.10e-03
2.750e+00 	1.36e-02 	4.96e-04
3.400e+00 	2.41e-03 	1.24e-04
2.625e+00 	1.97e-02 	7.43e-05
2.875e+00 	9.99e-03 	4.66e-05
3.125e+00 	5.16e-03 	2.99e-05
3.375e+00 	2.82e-03 	1.89e-05
3.625e+00 	1.56e-03 	1.39e-05
3.875e+00 	8.96e-04 	9.89e-06
4.250e+00 	4.28e-04 	4.42e-06
4.750e+00 	1.69e-04 	6.03e-06
5.250e+00 	7.27e-05 	1.70e-06
5.750e+00 	3.14e-05 	8.82e-07
6.440e+00 	1.24e-05 	4.30e-07
7.450e+00 	3.84e-06 	2.06e-07
8.830e+00 	1.08e-06 	9.84e-08
1.086e+01 	1.85e-07 	3.21e-08
