0.17 	0.17 	0.0296 	0.00702 0.00041 0.00703 0.00051
0.302 	0.102 	0.0981 	0.00936 0.00018 0.00984 0.00022
0.494 	0.0942 	0.106 	0.0181 	0.00019 0.0187 	0.00024
0.693 	0.093 	0.107 	0.0269 	0.00024 0.0278 	0.0003
0.893 	0.0926 	0.107 	0.0351 	0.0003 	0.0361 	0.00037
1.09 	0.0925 	0.107 	0.0422 	0.00038 0.0432 	0.00047
1.29 	0.0924 	0.108 	0.0485 	0.00048 0.0501 	0.0006
1.49 	0.0923 	0.108 	0.0552 	0.00061 0.0567 	0.00077
1.69 	0.0922 	0.108 	0.0607 	0.00079 0.0633 	0.00099
1.89 	0.0921 	0.108 	0.0651 	0.001 	0.0676 	0.0013
2.17 	0.167 	0.233 	0.0706 	0.001 	0.0735 	0.0013
2.57 	0.168 	0.232 	0.0765 	0.0017 	0.0792 	0.0022
2.97 	0.168 	0.232 	0.0765 	0.0028 	0.0761 	0.0035
3.37 	0.17 	0.23 	0.0797 	0.0045 	0.0773 	0.0057
3.92 	0.32 	0.58 	0.0787 	0.0058 	0.0658 	0.0072
5.06 	0.558 	1.44 	0.0649 	0.012 	0.0558 	0.015
7.36 	0.862 	2.14 	0.135 	0.04 	0.0659 	0.049