         0.169 0.169  0.0311 0.0207 0.00044 0.0208  0.00051
         0.3   0.0998 0.1    0.0361 0.0002  0.036   0.00023
         0.493 0.0929 0.107  0.0629 0.00023 0.0632  0.00027
         0.692 0.0922 0.108  0.0887 0.0003  0.0893  0.00034
         0.892 0.0922 0.108  0.112  0.00038 0.112   0.00044
         1.09  0.0922 0.108  0.131  0.00049 0.131   0.00056
         1.29  0.0923 0.108  0.15   0.00062 0.15    0.00071
         1.49  0.0923 0.108  0.165  0.0008  0.166   0.00092
         1.69  0.0922 0.108  0.181  0.001   0.181   0.0012
         1.89  0.0922 0.108  0.196  0.0013  0.196   0.0015
         2.17  0.168  0.232  0.205  0.0013  0.204   0.0015
         2.57  0.169  0.231  0.214  0.0021  0.212   0.0025
         2.97  0.171  0.229  0.219  0.0034  0.212   0.0039
         3.37  0.173  0.227  0.222  0.0052  0.213   0.006
         3.93  0.326  0.574  0.211  0.0061  0.2     0.0071
         5.07  0.569  1.43   0.177  0.012   0.159   0.014
         7.4   0.9    2.1    0.179  0.042   0.141   0.048
