0.17 	0.17 	0.0304 	0.0129 	0.00034 0.0131 	0.00039
0.301 	0.101 	0.0988 	0.0225 	0.00015 0.0225 	0.00017
0.494 	0.0938 	0.106 	0.0411 	0.00017 0.0414 	0.00019
0.693 	0.0927 	0.107 	0.0582 	0.00021 0.0586 	0.00024
0.893 	0.0925 	0.107 	0.0735 	0.00026 0.0742 	0.0003
1.09 	0.0924 	0.108 	0.0872 	0.00033 0.0883 	0.00038
1.29 	0.0924 	0.108 	0.0998 	0.00042 0.1 	0.00049
1.49 	0.0924 	0.108 	0.112 	0.00054 0.112 	0.00062
1.69 	0.0923 	0.108 	0.123 	0.00069 0.124 	0.0008
1.89 	0.0922 	0.108 	0.132 	0.00089 0.133 	0.001
2.17 	0.168 	0.232 	0.145 	0.0009 	0.146 	0.001
2.57 	0.168 	0.232 	0.155 	0.0015 	0.154 	0.0017
2.97 	0.169 	0.231 	0.163 	0.0024 	0.162 	0.0027
3.37 	0.171 	0.229 	0.166 	0.0038 	0.161 	0.0043
3.92 	0.324 	0.576 	0.156 	0.0047 	0.147 	0.0054
5.06 	0.557 	1.44 	0.137 	0.0086 	0.129 	0.0099
7.43 	0.928 	2.07 	0.0881 	0.034 	0.071 	0.039 
