         0.169 0.169  0.0308 0.0176 0.00037 0.0181  0.00042
         0.3   0.1    0.0996 0.0306 0.00016 0.0308  0.00019
         0.493 0.0934 0.107  0.0541 0.00019 0.0547  0.00021
         0.692 0.0925 0.108  0.0764 0.00023 0.0769  0.00026
         0.892 0.0924 0.108  0.0961 0.0003  0.0965  0.00034
         1.09  0.0924 0.108  0.113  0.00038 0.114   0.00043
         1.29  0.0924 0.108  0.13   0.00048 0.131   0.00055
         1.49  0.0922 0.108  0.145  0.00062 0.145   0.0007
         1.69  0.0923 0.108  0.157  0.00079 0.158   0.0009
         1.89  0.0922 0.108  0.17   0.001   0.171   0.0011
         2.17  0.168  0.232  0.183  0.001   0.183   0.0012
         2.57  0.169  0.231  0.195  0.0017  0.195   0.0019
         2.97  0.17   0.23   0.203  0.0027  0.198   0.003
         3.37  0.172  0.228  0.194  0.0042  0.192   0.0047
         3.93  0.328  0.572  0.192  0.0051  0.191   0.0058
         5.06  0.557  1.44   0.179  0.01    0.163   0.012
         7.33  0.829  2.17   0.128  0.034   0.109   0.04
 
