0.17 	0.17 	0.03 	0.00983 0.00049 0.0102 	0.00058
0.302   0.102 	0.0983 	0.0151 	0.00021 0.0152 	0.00025
0.494 	0.094 	0.106 	0.0283 	0.00023 0.0287 	0.00027
0.693 	0.0929 	0.107 	0.0407 	0.00028 0.0415 	0.00034
0.893 	0.0926 	0.107 	0.0522 	0.00036 0.0532 	0.00043
1.09 	0.0925 	0.108 	0.0619 	0.00046 0.0633 	0.00055
1.29 	0.0924 	0.108 	0.0715 	0.00058 0.0727 	0.0007
1.49 	0.0923 	0.108 	0.0795 	0.00074 0.081 	0.00089
1.69 	0.0923 	0.108 	0.0862 	0.00095 0.0876 	0.0011
1.89 	0.0922 	0.108 	0.0952 	0.0012 	0.0969 	0.0015
2.17 	0.168 	0.232 	0.103 	0.0012 	0.108 	0.0015
2.57 	0.168 	0.232 	0.112 	0.0021 	0.111 	0.0025
2.97 	0.169 	0.231 	0.115 	0.0034 	0.117 	0.004
3.37 	0.17 	0.23 	0.12 	0.0053 	0.118 	0.0064
3.92 	0.322 	0.578 	0.115 	0.0065 	0.114 	0.0077
5.07 	0.569 	1.43 	0.101 	0.013 	0.0809 	0.016
7.38 	0.876 	2.12 	0.0892 	0.047 	0.00594 0.057