0.169 	0.169 	0.0313 	0.0217 	0.00048  0.0215 	0.00057
0.299 	0.0988 	0.101 	0.0389 	0.00022  0.0392 	0.00027
0.492 	0.0922 	0.108 	0.0688 	0.00026  0.069 	0.00031
0.692 	0.0917 	0.108 	0.0963 	0.00034  0.0966 	0.00041
0.892 	0.0919 	0.108 	0.121 	0.00045  0.121 	0.00053
1.09 	   0.0919 	0.108 	0.142 	0.00058  0.141 	0.00069
1.29 	   0.092 	0.108 	0.161 	0.00074  0.161 	0.00089
1.49 	   0.092 	0.108    0.18 	   0.00096  0.18 	   0.0011
1.69 	   0.0923 	0.108 	0.192 	0.0012 	0.192 	0.0015
1.89 	   0.0923 	0.108 	0.205 	0.0016 	0.201 	0.0019
2.17 	   0.169 	0.231 	0.217 	0.0016 	0.213 	0.0019
2.57 	   0.17 	   0.23 	   0.226 	0.0026 	0.215 	0.003
2.97 	   0.172 	0.228 	0.226 	0.004 	0.212 	0.0048
3.37 	   0.173 	0.227 	0.225 	0.0062 	0.209 	0.0073
3.93 	   0.331 	0.569 	0.227 	0.0066 	0.216 	0.0079
5.06 	   0.564 	1.44 	   0.217 	0.014 	0.187 	0.017
7.3 	   0.799 	2.2 	   0.261 	0.047 	0.187 	0.057
